0 45
1 11
2 5
3 3
4 1 3 0 633 1866
4 1 3 926 1132 1862
4 1 2 1166 2582
3 2
4 1 2 199 420
4 1 2 205 1869
3 2
4 1 16 216 226 235 416 547 664 874 1052 1212 1323 1701 1853 1854 1860 1861 1872
4 1 2 532 1863
3 1 4 232 869 1440 1864
3 1 2 1820 1873
2 7
3 5
4 1 5 13 224 351 1299 1810
4 1 2 1004 1489
4 1 2 1331 1576
4 1 2 1424 1813
4 1 2 1581 1819
3 2
4 1 3 230 1811 1822
4 1 3 511 549 1497
3 1 3 568 1116 1223
3 2
4 1 2 579 1808
4 1 3 962 1806 1809
3 2
4 1 3 603 716 1821
4 1 3 1057 2004 2409
3 1 2 829 1816
3 1 2 920 1893
2 3
3 2
4 1 4 17 927 1316 2140
4 1 2 1301 1315
3 1 5 24 1636 2139 2141 2142
3 1 2 1247 1679
2 3
3 2
4 1 3 27 2360 2578
4 1 3 531 606 2361
3 2
4 1 2 313 2296
4 1 3 618 938 2230
3 1 3 1239 2027 2611
2 2
3 1 3 78 1329 1418
3 1 2 994 1219
2 4
3 2
4 1 4 143 316 1868 1875
4 1 3 766 845 1297
3 3
4 1 2 157 1870
4 1 4 521 598 1100 1573
4 1 2 968 1603
3 2
4 1 4 165 1473 2706 2707
4 1 2 169 1994
3 1 2 1126 1823
2 4
3 2
4 1 4 160 277 553 2009
4 1 6 366 743 745 1127 1583 1995
3 2
4 1 3 267 2000 2373
4 1 2 670 2606
3 4
4 1 8 335 1453 1859 1876 1986 1990 2005 2007
4 1 3 460 1989 2532
4 1 2 1023 2568
4 1 2 1066 1574
3 1 3 445 909 1434
2 3
3 2
4 2
5 1 2 176 231
5 1 2 179 197
4 1 2 387 2191
3 2
4 1 2 469 2412
4 1 2 620 923
3 2
4 1 2 605 1107
4 1 4 729 1159 2534 2535
2 3
3 1 2 185 297
3 1 3 201 570 2430
3 1 3 899 1055 1858
2 3
3 2
4 1 3 510 1171 1855
4 1 2 1295 1987
3 3
4 1 3 681 1445 1446
4 1 2 1186 2574
4 1 2 1615 1665
3 1 5 1134 2634 2635 2636 2693
2 2
3 1 3 1554 1657 2686
3 1 2 2687 2688
1 9
2 4
3 1 3 1 652 654
3 1 3 2 1454 2382
3 1 3 470 1097 1115
3 2
4 1 2 810 1068
4 1 2 984 2265
2 4
3 2
4 1 4 33 286 588 698
4 1 2 911 1051
3 3
4 1 3 258 627 2335
4 1 2 442 2362
4 1 2 538 1286
3 1 2 397 879
3 1 3 2040 2120 2637
2 4
3 2
4 1 2 38 862
4 1 4 794 863 1160 1590
3 3
4 1 3 86 1336 2032
4 1 3 429 1493 2044
4 1 2 1669 1892
3 2
4 1 2 523 949
4 1 2 2043 2406
3 1 2 1125 2332
2 4
3 2
4 1 2 63 1322
4 1 4 503 574 576 2348
3 2
4 1 4 91 330 2123 2380
4 1 2 1018 2378
3 2
4 1 3 196 2121 2122
4 1 3 2001 2002 2379
3 2
4 1 3 332 665 2003
4 1 2 2615 2696
2 3
3 1 4 94 1649 2263 2490
3 1 4 675 934 2211 2356
3 1 2 2355 2357
2 1 5 147 1511 1519 2108 2640
2 5
3 1 3 166 271 2617
3 2
4 1 3 245 782 1162
4 2
5 1 2 1046 2587
5 1 2 1510 2387
3 2
4 1 2 247 2583
4 1 4 1202 1428 2336 2524
3 3
4 1 3 299 1484 2498
4 1 3 1082 1534 2386
4 1 2 1429 2520
3 2
4 1 4 802 1307 1444 2536
4 1 3 804 922 1406
2 3
3 2
4 1 2 339 813
4 1 3 783 1061 2376
3 1 3 638 808 924
3 1 3 814 893 2383
2 3
3 1 4 529 1417 1419 2260
3 3
4 1 4 1015 1385 1481 1788
4 1 3 1143 1452 2262
4 1 2 1425 1618
3 1 3 1436 2259 2337
1 13
2 5
3 2
4 1 3 3 604 2544
4 1 5 1085 1421 1975 2109 2110
3 2
4 2
5 1 2 116 1076
5 1 2 1487 1501
4 1 3 1074 1675 1676
3 2
4 1 2 266 809
4 1 2 601 2229
3 2
4 1 3 504 1420 2396
4 2
5 1 3 600 2394 2397
5 1 2 724 1027
3 2
4 1 3 634 1399 2227
4 1 3 1396 2228 2395
2 7
3 3
4 1 2 31 1594
4 2
5 1 2 528 803
5 1 2 830 2100
4 2
5 1 2 717 1900
5 1 4 891 921 1674 2608
3 3
4 2
5 1 2 42 87
5 1 2 1362 1372
4 1 3 96 2164 2217
4 1 2 190 491
3 2
4 1 4 56 412 1616 1849
4 1 2 447 2638
3 1 4 77 354 659 1803
3 3
4 1 2 106 2461
4 1 2 499 2458
4 1 3 1917 2457 2649
3 1 3 292 1036 2562
3 2
4 1 2 939 2173
4 1 2 1617 2174
2 5
3 2
4 1 3 32 666 1850
4 1 2 518 2423
3 2
4 1 4 214 324 2193 2194
4 1 3 594 663 2195
3 2
4 1 5 242 270 279 838 2280
4 1 2 1058 1195
3 3
4 1 3 285 502 1976
4 1 2 818 1999
4 1 2 827 1921
3 2
4 2
5 1 3 702 777 2101
5 1 3 822 1637 1973
4 2
5 1 2 1377 1840
5 1 2 2069 2070
2 5
3 3
4 1 3 35 895 1913
4 1 2 440 2179
4 1 3 707 1296 1910
3 2
4 1 4 342 945 1512 2023
4 1 3 551 728 2388
3 2
4 1 2 398 730
4 1 2 1187 1188
3 1 3 404 1170 1476
3 1 3 1368 1911 2553
2 4
3 3
4 1 2 37 60
4 1 3 55 323 2020
4 1 3 1184 1190 1387
3 3
4 1 3 93 550 2151
4 1 2 287 2705
4 1 4 437 950 1495 1915
3 2
4 3
5 1 2 325 787
5 1 2 438 1985
5 1 2 651 1667
4 2
5 1 2 593 1474
5 1 2 718 2261
3 1 5 1178 1266 1529 1984 2350
2 7
3 2
4 1 4 41 175 596 644
4 2
5 1 3 506 1352 1918
5 1 3 1485 1539 1914
3 3
4 1 3 69 1926 2189
4 1 2 847 2422
4 1 3 865 1920 2653
3 2
4 1 3 252 1411 2218
4 1 3 1592 1792 2485
3 2
4 1 4 262 907 1351 2134
4 1 3 1652 1848 1972
3 2
4 1 5 414 539 711 1285 2111
4 1 2 925 1222
3 2
4 1 5 778 779 1370 1525 1919
4 1 5 1224 1291 1587 1660 2154
3 2
4 1 2 955 1482
4 1 3 1163 1402 2132
2 8
3 2
4 1 3 76 1658 2018
4 2
5 1 2 356 498
5 1 2 1259 2342
3 3
4 2
5 2
6 1 3 88 1288 2014
6 1 3 851 1309 1882
5 1 2 1741 2593
4 1 5 204 300 415 966 1847
4 1 2 1677 1908
3 2
4 2
5 1 2 130 2017
5 1 2 2467 2468
4 1 3 737 1105 2178
3 3
4 2
5 1 2 161 842
5 1 2 2010 2016
4 2
5 1 2 725 1137
5 1 2 2015 2071
4 1 2 755 1277
3 2
4 1 2 162 1268
4 1 3 489 815 1174
3 2
4 1 3 164 211 1909
4 1 2 1394 2137
3 1 2 272 2012
3 2
4 1 2 355 1668
4 1 2 1527 2274
2 5
3 4
4 1 2 98 1521
4 1 2 471 2013
4 1 2 772 908
4 2
5 1 4 1013 1293 1644 1843
5 1 2 1625 1729
3 1 6 115 682 880 973 1142 2019
3 3
4 1 3 288 630 2533
4 2
5 1 2 868 988
5 1 2 1844 2276
4 1 3 1341 2425 2426
3 2
4 2
5 1 2 334 693
5 1 2 1661 1851
4 2
5 1 2 454 2188
5 1 2 2022 2190
3 3
4 2
5 1 2 490 1981
5 1 2 1526 2099
4 1 3 517 952 2105
4 1 3 578 1879 1974
2 6
3 2
4 1 3 120 483 816
4 1 5 1842 1979 1980 2281 2405
3 3
4 1 3 249 621 1978
4 1 2 478 514
4 1 3 1332 2024 2156
3 2
4 1 3 274 749 1333
4 2
5 1 3 280 1535 2293
5 1 3 993 2153 2155
3 1 4 382 424 1203 1215
3 2
4 1 4 436 668 1977 1982
4 1 3 878 885 1039
3 2
4 1 5 1131 1133 1500 1538 2185
4 1 2 2135 2282
2 6
3 2
4 1 3 149 2025 2028
4 1 2 1110 1120
3 2
4 1 4 210 1079 1626 1905
4 1 4 1614 1671 1929 1968
3 1 3 461 1021 2309
3 1 4 897 1494 1983 2295
3 2
4 1 4 1121 1410 1655 2136
4 1 3 1696 1713 2384
3 1 3 1357 2170 2171
2 3
3 1 4 181 1359 1464 1683
3 1 3 331 712 2480
3 1 2 850 2278
2 3
3 1 4 435 1704 1912 2404
3 1 3 571 696 1570
3 2
4 1 6 995 1270 1324 1338 2102 2103
4 1 2 2152 2385
2 1 2 917 2639
1 12
2 4
3 1 3 4 1256 2175
3 1 3 561 595 1016
3 1 4 982 1091 1458 2176
3 1 2 1375 2586
2 5
3 2
4 1 2 8 281
4 2
5 1 2 972 1000
5 1 2 2247 2543
3 2
4 1 3 269 418 2551
4 1 2 986 2697
3 2
4 1 2 298 1325
4 1 2 1095 2613
3 2
4 1 3 327 1996 2064
4 1 3 928 1326 2063
3 1 3 746 2006 2477
2 2
3 1 7 178 207 345 833 1678 2036 2595
3 2
4 1 2 637 1641
4 1 2 1130 2495
2 2
3 1 4 186 1319 1672 2702
3 1 3 1228 1536 2580
2 4
3 1 3 215 770 2118
3 2
4 1 3 229 1053 1405
4 1 2 1508 1894
3 2
4 1 2 1348 2605
4 1 2 1924 2163
3 1 3 1846 1867 2117
2 1 5 237 2242 2539 2540 2632
2 3
3 1 3 321 1083 1450
3 1 2 624 1232
3 1 2 1225 2579
2 3
3 2
4 1 2 386 2115
4 1 2 2114 2588
3 1 3 916 1026 2531
3 1 4 1365 2279 2509 2519
2 3
3 2
4 1 2 407 409
4 1 3 1681 2318 2320
3 2
4 1 3 679 1395 2072
4 1 3 2266 2267 2321
3 1 5 695 948 1012 1682 2319
2 5
3 2
4 1 2 500 2241
4 1 3 1503 2243 2244
3 2
4 1 2 575 2283
4 1 2 1382 1502
3 2
4 1 2 979 1303
4 1 3 1200 2207 2414
3 1 3 1347 1997 2410
3 2
4 1 2 1355 1957
4 1 2 2630 2699
2 4
3 1 4 669 1075 1086 1124
3 1 2 987 1175
3 1 2 1563 2633
3 1 3 1595 2245 2246
2 1 2 2602 2603
1 13
2 6
3 2
4 1 2 5 2546
4 1 2 1629 1659
3 2
4 1 2 16 970
4 1 3 466 1305 1730
3 2
4 1 4 111 758 853 1762
4 1 2 301 2492
3 3
4 1 3 263 364 1306
4 1 2 358 2642
4 1 2 1632 1756
3 2
4 1 2 296 732
4 1 2 2452 2685
3 2
4 1 2 764 1612
4 1 2 819 1606
2 6
3 3
4 2
5 1 2 9 723
5 1 2 494 2614
4 2
5 1 2 110 1161
5 1 2 1599 2441
4 1 2 346 999
3 2
4 1 2 28 1687
4 1 3 363 1003 2607
3 3
4 1 2 58 1715
4 2
5 1 2 223 744
5 1 2 1154 2514
4 1 2 357 2652
3 2
4 1 3 246 936 2515
4 1 2 535 2641
3 3
4 1 5 657 867 2440 2442 2523
4 1 3 871 2439 2530
4 1 4 1229 1254 1308 1627
3 2
4 1 2 1252 2656
4 1 2 1384 2522
2 9
3 4
4 3
5 2
6 1 4 34 882 919 1358
6 1 2 1471 1646
5 1 3 341 613 1389
5 1 2 1714 1727
4 1 6 72 796 1103 1123 1480 1760
4 1 3 632 1430 1718
4 1 4 977 1281 1746 1748
3 3
4 1 3 46 686 2366
4 1 2 68 391
4 2
5 1 3 616 1565 2365
5 1 2 1709 1738
3 3
4 1 3 53 1739 1886
4 1 2 83 1520
4 1 3 1601 1750 1766
3 2
4 1 4 64 1209 1737 2616
4 1 2 1887 1888
3 3
4 1 4 154 1238 1568 2525
4 1 3 326 1752 1754
4 1 2 1339 1753
3 1 4 439 1642 2657 2658
3 2
4 1 6 501 825 1492 1562 1744 1765
4 1 3 1711 1731 1755
3 3
4 2
5 1 2 524 552
5 1 4 1040 1169 1719 1720
4 1 3 689 1292 1317
4 2
5 1 2 823 2221
5 1 3 1148 1747 2220
3 3
4 1 2 757 2421
4 1 3 902 1284 1604
4 2
5 1 2 976 1431
5 1 2 978 998
2 4
3 1 4 59 105 188 2651
3 1 4 189 564 1262 1509
3 1 2 615 2443
3 2
4 1 2 1596 2476
4 1 2 1721 1761
2 6
3 3
4 1 4 71 206 2643 2691
4 2
5 1 2 228 322
5 1 2 848 1373
4 1 3 481 1164 1287
3 2
4 2
5 1 2 131 834
5 1 4 876 1726 2168 2584
4 1 4 683 1546 1547 2169
3 1 3 173 1033 1586
3 2
4 1 4 536 768 1723 1724
4 1 4 567 760 1513 2460
3 2
4 1 2 915 2597
4 1 2 2413 2415
3 1 3 985 1073 1149
2 5
3 4
4 1 3 73 1136 1189
4 1 2 449 2581
4 1 3 558 1706 2585
4 1 3 1280 1516 2612
3 3
4 2
5 1 2 101 1589
5 1 2 1745 2596
4 2
5 1 2 931 1433
5 1 2 1035 1486
4 1 2 1426 1751
3 2
4 1 5 290 480 687 2359 2372
4 1 3 372 1710 2377
3 2
4 1 4 797 800 1833 1834
4 2
5 1 3 820 889 1832
5 1 2 824 1831
3 1 3 2459 2554 2689
2 4
3 2
4 1 4 90 155 156 1689
4 1 3 817 1736 1763
3 1 3 221 672 2456
3 1 2 319 1205
3 2
4 1 2 1114 1717
4 1 2 2560 2561
2 6
3 2
4 1 4 170 1067 1830 2307
4 1 3 762 859 1030
3 3
4 1 2 174 2334
4 2
5 1 4 557 1070 1725 1734
5 1 2 628 1764
4 2
5 1 2 860 1427
5 1 3 1712 1749 2446
3 1 5 227 534 629 883 933
3 3
4 1 3 403 806 1383
4 1 2 1037 2447
4 1 2 2654 2655
3 3
4 1 4 425 533 1758 2466
4 1 5 464 580 2444 2445 2503
4 2
5 1 2 526 1216
5 1 2 1007 1742
3 3
4 2
5 1 2 609 2448
5 1 2 1041 1466
4 1 2 721 1034
4 1 2 1150 1243
2 2
3 1 4 202 353 1173 1345
3 2
4 1 2 328 951
4 1 2 1250 2507
2 3
3 2
4 1 3 244 1610 2557
4 1 3 289 312 1722
3 2
4 1 3 427 1398 1528
4 1 4 513 565 1038 1361
3 2
4 1 2 626 2556
4 1 2 1249 2558
2 3
3 2
4 1 4 268 2389 2392 2451
4 1 3 1740 2390 2391
3 3
4 1 3 367 752 2083
4 1 3 650 1557 1685
4 1 3 957 1757 2167
3 1 2 929 2627
2 4
3 1 3 337 1214 1499
3 1 4 748 1145 1374 1550
3 2
4 1 2 881 1155
4 1 2 1199 1716
3 1 3 1566 1732 1895
2 3
3 2
4 2
5 1 3 359 742 1620
5 1 2 905 1506
4 1 3 754 1483 2208
3 2
4 1 5 389 704 969 1412 1743
4 1 3 1077 2113 2450
3 2
4 1 2 562 1735
4 1 3 684 1282 2324
1 11
2 4
3 2
4 1 5 6 373 1025 1042 1198
4 1 4 74 1118 1517 2052
3 1 3 667 2051 2364
3 2
4 2
5 1 2 1008 2575
5 1 2 1416 1922
4 1 2 1925 2620
3 2
4 1 2 1047 2333
4 1 2 1588 2055
2 4
3 3
4 2
5 1 2 52 2053
5 1 2 1467 2172
4 1 2 763 1635
4 1 4 1139 1540 1628 2054
3 2
4 1 5 81 315 423 527 1397
4 1 2 347 408
3 2
4 1 2 525 2057
4 1 2 2180 2183
3 4
4 1 2 636 2233
4 1 2 858 2502
4 1 2 1515 2234
4 1 3 2182 2231 2232
2 4
3 1 4 57 572 2021 2418
3 3
4 1 3 65 543 619
4 1 2 497 2419
4 1 2 771 1156
3 1 5 239 1069 1220 1274 1376
3 2
4 1 3 493 1244 1759
4 1 2 569 2512
2 3
3 2
4 1 2 62 485
4 1 3 839 2074 2277
3 3
4 1 2 100 1602
4 1 2 861 2068
4 1 2 1204 1330
3 1 3 475 1838 2219
2 1 4 79 522 2097 2098
2 3
3 1 3 80 142 2049
3 1 5 434 1391 1524 1693 2408
3 1 2 1117 2499
2 3
3 2
4 2
5 1 3 95 2200 2201
5 1 3 680 975 2199
4 1 3 456 544 1580
3 2
4 2
5 1 2 731 1279
5 1 2 2203 2511
4 1 3 901 2073 2186
3 1 2 1233 2433
2 4
3 2
4 2
5 1 2 257 1388
5 1 2 964 2198
4 1 2 965 2197
3 2
4 1 2 496 992
4 1 2 1006 1302
3 2
4 1 3 734 736 1841
4 1 3 751 1916 2202
3 1 3 1631 2181 2196
2 2
3 1 3 276 1695 2133
3 1 3 555 1463 2131
2 1 3 597 1104 2264
2 1 4 1680 2056 2311 2576
1 1 2 7 208
1 10
2 3
3 1 2 10 2545
3 1 3 476 1140 1779
3 1 2 1045 1571
2 5
3 2
4 1 3 18 1560 2082
4 1 2 1564 1786
3 3
4 1 5 112 487 655 1459 2080
4 1 3 426 1772 1782
4 1 2 2026 2096
3 2
4 1 4 139 660 1773 1780
4 2
5 1 4 314 581 910 1623
5 1 2 1767 1783
3 1 4 542 1144 1245 1770
3 1 2 556 1805
2 3
3 3
4 1 4 36 1640 1781 2107
4 1 3 530 2094 2106
4 2
5 1 2 1146 2254
5 1 2 1505 1801
3 3
4 2
5 1 2 114 2506
5 1 2 610 2481
4 1 2 826 2528
4 1 2 2287 2288
3 2
4 1 3 234 1552 2591
4 1 3 399 1089 2086
2 4
3 2
4 2
5 1 2 102 1561
5 1 2 1878 2256
4 1 2 417 1871
3 2
4 1 2 134 406
4 1 3 505 1251 1448
3 1 2 452 1258
3 1 3 937 1180 1304
2 3
3 3
4 1 3 103 484 1775
4 1 4 887 1777 2081 2505
4 1 2 1609 1790
3 2
4 1 4 135 137 2144 2504
4 1 3 1009 2095 2145
3 2
4 1 2 184 520
4 1 3 2329 2330 2331
2 5
3 2
4 1 5 109 1769 1787 1789 2092
4 1 2 153 459
3 2
4 1 2 133 1784
4 1 3 519 1346 1670
3 3
4 1 2 191 608
4 1 2 1197 1791
4 1 2 1998 2326
3 1 3 318 563 1337
3 2
4 2
5 1 3 699 1852 2045
5 1 2 1248 1651
4 1 2 2046 2048
2 5
3 2
4 1 3 121 589 980
4 1 3 1158 2251 2252
3 1 2 250 2429
3 2
4 1 2 302 1253
4 1 2 303 719
3 2
4 1 2 317 1785
4 1 2 384 1624
3 1 4 943 1196 1774 2300
2 7
3 3
4 1 2 124 2478
4 1 3 1193 1705 2322
4 1 2 1289 1622
3 1 2 294 2047
3 2
4 2
5 1 3 306 656 2090
5 1 3 1335 1856 2087
4 2
5 1 3 308 350 2084
5 1 2 2085 2089
3 3
4 1 2 329 2598
4 2
5 1 3 773 1072 1804
5 1 2 852 1800
4 1 3 958 1798 1802
3 1 4 1367 1584 1656 2143
3 2
4 1 3 1490 2327 2328
4 1 2 1771 1778
3 1 2 1797 2088
2 2
3 1 4 126 236 1551 2079
3 1 5 138 1283 1572 1776 2078
2 2
3 1 4 136 831 1638 1733
3 1 4 741 1011 1088 2093
1 9
2 5
3 2
4 1 3 11 1839 2453
4 1 2 195 2424
3 1 3 85 2487 2488
3 2
4 1 3 104 864 2210
4 2
5 1 3 401 1065 1699
5 1 2 1096 1633
3 1 2 396 1988
3 2
4 1 4 411 1488 2601 2609
4 1 2 1465 1799
2 4
3 2
4 1 5 15 599 1090 1093 1271
4 1 2 261 1479
3 2
4 1 4 311 343 690 1865
4 2
5 1 3 395 1147 1598
5 1 3 640 765 2420
3 2
4 1 3 784 960 2650
4 1 2 959 2529
3 3
4 1 2 894 1845
4 1 4 1217 2177 2367 2371
4 1 3 2368 2369 2370
2 5
3 2
4 1 2 44 1582
4 1 2 2624 2701
3 2
4 1 2 713 1044
4 1 3 886 1400 2698
3 2
4 1 3 727 1386 2571
4 1 2 2570 2572
3 1 2 1151 2700
3 2
4 1 2 1310 2692
4 1 2 1877 2573
2 4
3 1 4 51 710 1392 2213
3 2
4 1 2 421 2216
4 1 2 708 2212
3 2
4 1 2 457 2215
4 1 2 1201 2214
3 1 3 795 836 2411
2 5
3 2
4 1 4 118 255 1690 2112
4 1 2 1029 2166
3 1 4 446 903 2030 2031
3 1 2 554 685
3 1 4 989 1507 1645 2436
3 1 3 1343 2165 2316
2 3
3 1 3 182 183 997
3 1 3 508 1991 2325
3 1 2 1768 1837
2 1 3 200 1439 2676
2 2
3 1 2 516 2104
3 1 3 781 2402 2403
2 4
3 1 4 649 1019 1456 1457
3 1 4 722 1567 1874 2500
3 1 2 835 1654
3 2
4 1 2 1092 1106
4 1 2 1321 2501
1 2
2 1 3 12 1001 2662
2 1 2 1318 2661
1 7
2 3
3 2
4 1 3 14 2075 2077
4 1 3 1020 2076 2347
3 1 4 45 486 2667 2668
3 1 3 218 2091 2119
2 3
3 2
4 1 3 48 714 2041
4 1 4 788 1031 2035 2205
3 2
4 1 2 49 1666
4 1 2 1662 2381
3 1 3 2398 2471 2493
2 2
3 1 4 141 740 1002 2033
3 2
4 2
5 1 2 622 1951
5 1 2 942 1952
4 1 2 2204 2521
2 4
3 1 3 158 180 775
3 1 3 159 2308 2559
3 1 3 171 790 1548
3 2
4 1 3 482 1807 1814
4 1 2 1812 2550
2 3
3 2
4 1 6 430 691 912 983 1261 2130
4 1 3 1889 1890 1891
3 1 2 617 705
3 2
4 1 4 791 841 2034 2037
4 1 2 2039 2042
2 2
3 1 2 560 774
3 1 2 585 2526
2 2
3 1 2 639 900
3 1 2 811 855
1 6
2 4
3 3
4 1 2 19 1939
4 2
5 1 3 219 1363 1413
5 1 2 338 1934
4 1 4 872 1340 1542 1943
3 3
4 1 4 251 253 812 1933
4 2
5 1 2 254 1211
5 1 2 507 1931
4 1 3 1300 1941 2508
3 1 5 295 877 1176 1177 1935
3 2
4 1 3 402 776 1940
4 1 2 1932 1936
2 3
3 1 2 40 1364
3 1 2 832 2600
3 1 3 866 1049 2610
2 5
3 2
4 1 2 150 914
4 1 2 875 1942
3 2
4 1 4 310 352 1944 1946
4 1 3 1272 1945 1947
3 2
4 1 3 336 1241 1950
4 1 3 892 1815 1948
3 1 2 974 1496
3 1 2 1298 2703
2 2
3 1 3 918 2065 2067
3 1 3 1098 1477 2066
2 2
3 3
4 1 3 981 1221 1949
4 1 2 1099 1607
4 1 2 1334 1577
3 2
4 1 2 990 1054
4 1 4 1432 1605 2494 2663
2 1 2 2625 2626
1 14
2 4
3 3
4 1 2 20 2374
4 1 3 400 1354 2270
4 1 2 1404 2375
3 1 2 128 233
3 1 4 370 371 1414 1415
3 2
4 1 2 392 720
4 1 2 1619 2269
2 4
3 1 2 47 163
3 1 2 410 1179
3 1 3 612 676 2235
3 2
4 1 3 807 1226 1956
4 1 2 1168 1955
2 2
3 1 12 50 241 265 648 750 1060 1441 1700 1707 2271 2272 2273
3 2
4 1 2 590 1954
4 1 2 1128 2275
2 2
3 1 3 67 282 2628
3 2
4 1 2 113 747
4 1 2 540 2527
2 3
3 1 2 70 2184
3 1 3 129 193 441
3 1 2 1455 1537
2 4
3 2
4 1 2 97 1353
4 1 3 661 1028 1883
3 2
4 2
5 1 3 203 854 935
5 1 2 857 1246
4 1 2 344 2323
3 1 3 220 376 913
3 1 3 1884 1885 2644
2 5
3 1 4 107 971 1113 1650
3 2
4 1 3 119 646 2621
4 1 4 132 379 904 1959
3 2
4 1 3 479 753 1880
4 2
5 1 2 890 1314
5 1 3 1227 1269 1630
3 2
4 1 4 541 647 1360 1904
4 1 2 1960 2491
3 1 4 1022 1276 1962 1963
2 1 3 117 259 2537
2 3
3 2
4 2
5 1 2 125 2363
5 1 2 458 1122
4 1 3 1470 1555 1953
3 3
4 1 2 587 1032
4 1 3 694 1478 2516
4 1 2 941 2517
3 1 3 703 801 1961
2 4
3 2
4 2
5 1 2 238 1828
5 1 3 1409 1553 1827
4 2
5 1 2 940 1829
5 1 2 1408 1826
3 2
4 1 4 264 448 844 1902
4 2
5 1 3 388 1899 2510
5 1 2 1578 2497
3 2
4 1 2 360 1824
4 1 3 645 1267 1898
3 2
4 2
5 1 2 472 2029
5 1 2 1183 1825
4 1 3 559 1182 1579
2 3
3 2
4 2
5 1 2 393 739
5 1 2 1237 1958
4 1 2 1543 1881
3 2
4 2
5 1 2 451 671
5 1 2 2284 2285
4 1 3 1549 1901 2286
3 2
4 1 2 701 2062
4 1 3 735 2060 2061
2 2
3 1 4 468 1311 1312 1313
3 2
4 1 2 573 2407
4 1 2 643 1167
2 1 3 677 954 1112
2 2
3 1 4 709 1896 1897 2050
3 2
4 1 2 793 2592
4 1 2 840 1903
1 4
2 1 3 21 1043 2310
2 4
3 1 3 548 843 2542
3 1 2 944 2138
3 1 2 1523 2449
3 1 2 1937 1938
2 2
3 1 4 792 1014 1558 2338
3 1 3 1191 2339 2340
2 2
3 2
4 1 2 799 961
4 1 2 2555 2599
3 1 2 1728 2257
1 8
2 5
3 2
4 1 5 22 1234 1702 1703 1970
4 1 2 789 1240
3 3
4 1 3 151 2236 2237
4 1 2 706 805
4 1 3 1969 2238 2239
3 4
4 1 4 248 443 1264 1531
4 1 2 275 1967
4 1 5 293 362 1971 2038 2206
4 1 2 450 1569
3 1 2 333 1694
3 3
4 1 3 463 1010 1966
4 1 2 946 2623
4 1 3 1906 1964 1965
2 4
3 2
4 1 5 39 198 381 1522 2646
4 1 4 348 453 759 1643
3 2
4 1 3 148 378 602
4 1 5 283 1260 1559 1923 2250
3 2
4 1 4 177 1639 2679 2682
4 2
5 1 2 837 1422
5 1 3 1194 1366 2670
3 2
4 2
5 1 3 368 1545 2393
5 2
6 1 2 428 996
6 1 2 1255 2248
4 2
5 2
6 1 3 1071 1135 2678
6 1 2 1206 1257
5 1 3 2249 2518 2538
2 3
3 2
4 2
5 1 2 82 1138
5 1 2 1461 1634
4 2
5 1 2 1320 1491
5 1 2 1349 2684
3 2
4 2
5 1 3 194 1451 2564
5 1 2 1379 1380
4 2
5 1 3 1050 1081 2563
5 1 2 1230 1342
3 3
4 1 3 217 243 2474
4 2
5 1 2 473 1575
5 1 2 1686 2647
4 1 3 1532 2473 2648
2 5
3 1 2 187 1208
3 2
4 1 3 492 688 2673
4 1 2 956 2677
3 1 4 726 1533 2671 2672
3 1 3 1109 2674 2675
3 1 2 1437 1688
2 2
3 1 4 209 361 2681 2683
3 1 3 856 1390 1449
2 5
3 2
4 1 3 309 383 2268
4 1 2 422 545
3 2
4 2
5 1 2 377 1265
5 1 3 715 2291 2292
4 1 5 678 733 1817 2302 2304
3 3
4 1 2 625 1024
4 1 3 1005 1294 1541
4 1 2 2008 2301
3 2
4 1 3 1062 1192 1621
4 1 5 1278 1818 2305 2306 2552
3 1 3 1591 2303 2541
2 2
3 1 2 320 1597
3 1 3 432 1442 2462
2 1 2 2594 2680
1 5
2 2
3 2
4 1 2 23 2159
4 2
5 1 2 1835 2160
5 1 2 2157 2158
3 1 4 108 1504 1647 2209
2 2
3 1 5 26 99 122 2454 2455
3 2
4 1 3 123 127 2604
4 1 2 1236 2479
2 1 3 92 898 1836
2 2
3 1 3 144 213 2192
3 2
4 1 3 145 1165 1593
4 1 3 537 1698 2622
2 2
3 1 2 307 991
3 1 4 495 1327 1328 2161
1 6
2 3
3 1 2 25 2011
3 1 2 1344 2315
3 1 4 1447 1928 2317 2475
2 3
3 2
4 1 3 30 697 1080
4 1 2 2343 2344
3 1 2 61 2312
3 1 2 738 2162
2 3
3 3
4 1 2 146 1468
4 1 2 405 1275
4 1 2 1435 2059
3 1 4 305 769 1927 1930
3 1 3 586 1218 2116
2 3
3 1 2 349 419
3 1 3 465 896 1403
3 1 2 2427 2428
2 1 4 566 673 674 1907
2 1 3 1152 2416 2417
1 6
2 4
3 2
4 1 2 29 2645
4 1 2 1350 1443
3 2
4 1 4 43 963 2399 2400
4 1 3 152 1157 2240
3 2
4 1 3 375 2401 2435
4 1 2 1087 2434
3 1 2 1141 2294
2 3
3 1 3 89 884 1585
3 1 3 761 1153 1401
3 2
4 1 2 1094 1653
4 1 2 1369 1530
2 1 4 140 582 2548 2549
2 1 3 340 584 2463
2 4
3 1 5 444 623 828 2289 2464
3 1 2 488 2547
3 1 3 515 1102 2465
3 1 3 1207 2290 2496
2 2
3 2
4 1 2 798 1793
4 1 2 1381 1794
3 2
4 1 3 1795 1796 2299
4 1 2 2297 2298
1 3
2 3
3 1 3 54 767 2314
3 2
4 1 2 304 1857
4 1 2 467 1172
3 1 3 873 1708 2313
2 2
3 1 4 75 583 2222 2225
3 1 5 84 284 2223 2224 2226
2 1 4 369 385 2483 2484
1 1 2 66 2631
1 6
2 2
3 1 3 167 1056 2482
3 1 3 168 2437 2438
2 3
3 1 3 212 1290 2258
3 1 2 462 1048
3 2
4 1 2 1084 1213
4 1 2 1684 2513
2 1 2 225 2255
2 2
3 1 2 273 846
3 1 3 374 413 2149
2 2
3 2
4 1 2 455 2486
4 1 2 658 2147
3 1 3 607 785 1664
2 1 5 509 1101 1242 2146 2148
1 6
2 3
3 2
4 1 2 172 2187
4 1 3 240 512 1472
3 1 3 256 433 756
3 1 4 291 1514 1692 2345
2 2
3 1 4 192 642 1017 2472
3 1 3 591 1078 1423
2 3
3 1 3 260 365 2469
3 1 3 614 1475 2470
3 1 2 888 1556
2 3
3 1 4 278 1185 1992 2589
3 1 3 631 1460 2358
3 2
4 1 3 1469 1498 2590
4 1 2 2346 2349
2 1 2 641 2704
2 2
3 1 2 786 947
3 1 2 1210 1648
1 1 2 222 821
1 1 4 380 477 930 2569
1 1 2 390 1108
1 5
2 2
3 2
4 1 3 394 1064 2351
4 1 2 849 1993
3 3
4 2
5 1 2 577 2354
5 1 2 1063 1518
4 1 2 906 2353
4 1 2 1129 2352
2 3
3 2
4 1 2 546 2127
4 1 2 1608 2489
3 2
4 1 2 870 1119
4 1 2 2128 2129
3 1 5 1111 1273 2124 2125 2126
2 2
3 1 2 1235 2577
3 1 3 1462 1611 1663
2 1 2 1697 2253
2 1 2 2665 2666
1 1 3 431 2694 2695
1 1 2 474 1181
1 1 2 592 2669
1 1 2 611 2690
1 3
2 1 2 635 2058
2 1 2 692 2629
2 1 3 1378 1544 2150
1 1 2 653 1231
1 1 2 662 932
1 1 2 700 1691
1 1 2 780 2341
1 1 4 953 2565 2566 2567
1 1 2 967 2659
1 1 2 1059 1600
1 1 2 1263 1407
1 1 2 1356 1613
1 1 2 1371 1393
1 1 2 1438 2664
1 1 2 1673 2660
1 1 2 2431 2432
1 1 2 2618 2619
